Date,Open,High,Low,Close,Adj Close,Volume,Views
2018-08-03,69.459999,69.529999,67.769997,68.260002,68.260002,3959700,139
2018-08-06,69.0,69.68,67.599998,68.279999,68.279999,6847100,136
2018-08-07,68.550003,68.550003,64.400002,64.540001,64.540001,15395300,185
2018-08-08,64.150002,65.489998,63.93,65.150002,65.150002,8035300,156
2018-08-09,65.400002,66.480003,65.089996,66.059998,66.059998,6292200,130
2018-08-10,65.790001,67.220001,65.739998,66.82,66.82,6783100,132
2018-08-13,66.660004,67.349998,66.190002,66.339996,66.339996,3854000,140
2018-08-14,67.150002,67.379997,66.58000200000001,66.980003,66.980003,3626300,145
2018-08-15,66.07,66.209999,62.259997999999996,62.34,62.34,8720800,173
2018-08-16,62.869999,63.610001000000004,62.25,62.310001,62.310001,6545500,1257
